123456,een,56.50,829
445566,twee,12.20,45
123123,drie,123.50,12
987654,vier,12.95,12
998877,12345678901234567890,0.00,1376188928
998877,q,12.50,1
998877,zxcvbnmzxcvbnmasdfg,12.50,12
112233,zxcvbn,12.50,5
124560,qwerqwerytrftyuhhfdf,12.50,5
124560,gfdgfdfdg,12.50,2
123123,sdfsd,50.00,3
554466,wertyuidsdfffjhgjhgj,50.00,3
554466,hgjhgjhg,12.50,2
321321,grapje,50.00,12
321321,.88,12.50,2
123123,werfghgfggfggfgfgfgf,0.00,2091062160
123123,gfgfgfgf,12.00,2
321321,gfgfgfgfgfgfgfgfgfgf,0.00,-1033628784
321321,gfgfgfgfg,5.00,12
123123,trtrtrtrtrtrtrtrtrtr,0.00,-871885936
123123,5,33.00,1
8888,uyuyuyuyuyuyuyuyuyuy,33.00,1
8888,qq,5.00,2
123123,werwerwerwerwerwerwe,0.00,-1143925872
123123,werwer,5.00,3
888888,iuiuiuiuiuiuiuiuiuiu,5.00,3
888888,lll,5.00,8
777777,ytytytytytytytytytyt,0.00,-2014702704
777777,ytytyt,0.00,-2014702704
777777,ooo,5.00,2
555555,dfdfdfdfdfdfdfdfdfdf,5.00,2
555555,dfdfd,5.00,3
123,ert,123.00,2
565656,qweqweqweqweqweqweqw,123.00,2
565656,gh,9.00,7
123,qweqweqweqweqweqweqw,0.00,1530532752
123,qweqweqeqweqweqweqwe,0.00,1530532752
123,qweqwewqqweqweqweqwe,0.00,1530532752
123,qwe,9.00,2
